              precision    recall  f1-score   support

           0       0.65      0.71      0.68      2192
           1       0.84      0.77      0.81      1777
           2       0.84      0.92      0.88      1154
           3       0.90      0.97      0.93       556
           4       0.80      0.86      0.83      1925
           5       0.95      0.95      0.95      2819
           6       0.70      0.94      0.80       552
           7       0.86      0.70      0.77      3452
           8       0.72      0.73      0.73      1451
           9       0.98      0.95      0.96      3571
          10       0.95      0.99      0.97       436
          11       0.85      0.89      0.87      1654
          12       0.84      0.84      0.84      2275
          13       0.91      0.84      0.87      3541
          14       0.90      0.93      0.91      2758
          15       0.80      0.98      0.88       577
          16       0.83      0.82      0.83      3258
          17       0.85      0.98      0.91       586
          18       0.84      0.84      0.84      2798
          19       0.90      0.75      0.82      3407
          20       0.89      0.88      0.88      1017
          21       0.95      0.92      0.94      3539
          22       0.78      0.84      0.81      1796
          23       0.99      0.93      0.96      6993
          24       0.79      0.91      0.85      1735
          25       0.61      0.86      0.72      1964
          26       1.00      1.00      1.00       633

    accuracy                           0.86     58416
   macro avg       0.85      0.88      0.86     58416
weighted avg       0.87      0.86      0.86     58416
