[[ 266   20    3    0    4    2    7    2    5    1    0    1    2    2
     0    2    2    4   48   18    1    5    2    1    1  149    0]
 [  30  284   30    3   10    5    7    8   13    1    0    0    2    0
     0    3    2    2    5    4   18    1    0    0    1   15    0]
 [   3    5  242    6    4    1    0    2    2    3    0    2    0    1
     0    0    2    1    0    0   10    0    0    0    3    2    0]
 [   0    3    8  120    0    0    0    0    0    0    0    0    1    0
     0    0    0    0    0    0    7    0    0    0    0    0    0]
 [   6   10    1    0  390    2   13   13    6    0    0    2    4    1
     0    2    4    0    6    6    0    4    0    2    1    8    0]
 [   7    4    3    0    7  648    2    2    8    3    1    0    0    1
     0    0    1    0    1    1    0    2    1    1    2   10    0]
 [   9    7    1    0    6    2   84    3   10    1    0    0    1    0
     0    2    2    0    2    0    0    3    1    0    1    3    0]
 [   7   15    5    1   66    3   10  530   64   21    2   38   33    6
     0    1   12    5    4    4    3    7    6    2    6   12    0]
 [  24   11    0    0    5   14   13   45  191    0    2   12    3    1
     1    4    3    3    4    2    6    0    2    3    2   12    0]
 [   9    3    1    0    5    2    3   17    2  823    0    1    1    1
     0    3    3    0    1    2    0    1    2    1    9    2    0]
 [   0    1    0    0    2    2    0    2    2    2   95    0    1    1
     0    0    0    0    0    0    0    0    0    0    0    1    0]
 [   7    1    0    0    2    0    1   18   14    2    2  327   10    3
     0    2    1    1    0    1    0    2    3    9    4    3    0]
 [   9    3    0    1    1    1    2   18    6    1    0   11  420   10
    16   11   29    2    4    2    1    3    8    0    8    2    0]
 [   0    2    1    0    1    0    0    2    1    0    0    3   22  690
    35    1   39    1    0    2    0   14   38    4   28    1    0]
 [   3    0    0    0    0    0    0    2    0    0    0    2   13   11
   620    1   23    0    0    1    0    1    8    1    3    1    0]
 [   4    1    1    0    0    0    0    3    0    0    1    0    1    2
     0  121    1    0    0    0    0    1    3    1    0    4    0]
 [   3    7    3    0    9    0    0    5    2    0    0    2   22   38
    30    3  612    3    1    2    1    7   39    2   21    2    0]
 [   0    4    0    0    0    0    0    0    0    0    0    2    5    1
     0    2    4  120    1    1    0    3    0    1    3    0    0]
 [  47    3    1    0    7    5    3    2    1    3    0    1    3    0
     0    1    1    0  537   22    2    1    5    1    2   52    0]
 [  73    4    0    0    7    3    4    1    3    4    0    0    1    1
     0    2    0    2   98  570    3    4    0    1    1   70    0]
 [   2   10   21    6    6    4    1    2    3    0    0    0    1    0
     0    2    0    0    0    2  191    1    0    0    0    2    0]
 [  11    3    1    0    1    5    0    4    2    0    0    1   13   12
     3    6   10    1    1   12    0  784    6    1    6    2    0]
 [   5    1    1    0    1    0    0    1    2    0    0    2    7   31
     3    2   20    3    2    1    0    6  329    2   30    0    0]
 [  10    8    3    0    0    1    1    4    0    0    0   17    4    8
     0    3   16    8    1    4    0    3   10 1606   41    0    0]
 [   5    0    6    0    0    1    1    2    2    0    0    2    7    9
     3    2    7    2    0    0    0    9   20    6  346    4    0]
 [ 106    6    0    0    2    0    1    1    3    0    0    0    5    0
     0    1    1    0   28   14    3    0    1    0    3  316    0]
 [   0    0    0    0    0    0    0    0    0    0    0    0    0    0
     0    0    0    0    0    0    0    0    0    0    0    0  158]]