              precision    recall  f1-score   support

           0       0.41      0.49      0.45       548
           1       0.68      0.64      0.66       444
           2       0.73      0.84      0.78       289
           3       0.88      0.86      0.87       139
           4       0.73      0.81      0.77       481
           5       0.92      0.92      0.92       705
           6       0.55      0.61      0.58       138
           7       0.77      0.61      0.68       863
           8       0.56      0.53      0.54       363
           9       0.95      0.92      0.94       892
          10       0.92      0.87      0.90       109
          11       0.77      0.79      0.78       413
          12       0.72      0.74      0.73       569
          13       0.83      0.78      0.80       885
          14       0.87      0.90      0.89       690
          15       0.68      0.84      0.75       144
          16       0.77      0.75      0.76       814
          17       0.76      0.82      0.79       147
          18       0.72      0.77      0.74       700
          19       0.85      0.67      0.75       852
          20       0.78      0.75      0.76       254
          21       0.91      0.89      0.90       885
          22       0.68      0.73      0.71       449
          23       0.98      0.92      0.95      1748
          24       0.66      0.80      0.72       434
          25       0.47      0.64      0.54       491
          26       1.00      1.00      1.00       158

    accuracy                           0.78     14604
   macro avg       0.76      0.77      0.76     14604
weighted avg       0.79      0.78      0.78     14604
